1 0.477325 0.41823970037453184 0.034249999999999996 0.040224719101123595
1 0.7037 0.3877153558052434 0.035175 0.03745318352059925
1 0.38425 0.41823970037453184 0.027774999999999998 0.040224719101123595
1 0.295375 0.3571910112359551 0.027774999999999998 0.029138576779026218
1 0.138425 0.4404119850187266 0.03055 0.040224719101123595
1 0.437975 0.40782771535580525 0.037025 0.03606741573033708
1 0.533325 0.34471910112359555 0.035175 0.029138576779026218
0 0.54815 0.3849438202247191 0.029625 0.026367041198501872
0 0.2139 0.3911610486891386 0.031475 0.0249812734082397
1 0.6032500000000001 0.3682771535580524 0.025 0.023595505617977526
1 0.156475 0.3946441947565543 0.031475 0.03745318352059925