1 0.34192500000000003 0.11460526315789474 0.05485 0.07074561403508771
1 0.514925 0.13723684210526316 0.0363 0.045263157894736845
1 0.414125 0.11035087719298246 0.033075 0.039605263157894734
1 0.38347499999999995 0.07780701754385964 0.025 0.033947368421052636
1 0.55565 0.09973684210526315 0.01935 0.029692982456140347
1 0.8120999999999999 0.10043859649122806 0.03065 0.033947368421052636
1 0.747975 0.06719298245614035 0.023375 0.029692982456140347
1 0.2242 0.13017543859649122 0.045149999999999996 0.04245614035087719
1 0.575 0.0856140350877193 0.03065 0.0268859649122807
1 0.602025 0.09833333333333334 0.01855 0.024035087719298246
1 0.6689499999999999 0.09903508771929824 0.02015 0.025482456140350874