0 0.199625 0.18881773399014778 0.043175 0.05822660098522168
0 0.25227499999999997 0.1895566502463054 0.051525 0.06270935960591133
0 0.07575 0.1866009852216749 0.051525 0.0567487684729064
1 0.46704999999999997 0.15226600985221675 0.05075 0.07167487684729064
1 0.531825 0.18881773399014778 0.043949999999999996 0.055221674876847295
1 0.6185499999999999 0.15300492610837438 0.02955 0.04926108374384237
1 0.8913 0.15374384236453204 0.0538 0.08059113300492611
1 0.7450749999999999 0.15152709359605912 0.026525 0.031330049261083744
0 0.7969750000000001 0.16492610837438423 0.04545 0.052266009852216744
1 0.36895000000000006 0.15527093596059113 0.033325 0.0567487684729064
1 0.42575 0.16571428571428573 0.048475000000000004 0.05073891625615764
1 0.299625 0.19852216748768473 0.05075 0.05073891625615764