1 0.3387 0.12307017543859648 0.064525 0.06789473684210527
1 0.225 0.13087719298245615 0.045149999999999996 0.04671052631578947
1 0.5129 0.13087719298245615 0.041925 0.04100877192982456
1 0.41369999999999996 0.1132017543859649 0.029025 0.033947368421052636
1 0.385475 0.07710526315789473 0.027425 0.04100877192982456
1 0.554025 0.1018859649122807 0.022574999999999998 0.028289473684210528
1 0.414125 0.11741228070175438 0.0379 0.033947368421052636
1 0.604425 0.09622807017543861 0.02015 0.025482456140350874
1 0.8165250000000001 0.10824561403508771 0.034675 0.04671052631578947
1 0.747975 0.0693421052631579 0.023375 0.031140350877192982
1 0.7245999999999999 0.08206140350877193 0.015325 0.01982456140350877
1 0.671375 0.09478070175438597 0.025 0.031140350877192982
1 0.48145000000000004 0.1075438596491228 0.022574999999999998 0.025482456140350874