1 0.8453666666666667 0.24209068010075566 0.05185 0.06156171284634761
1 0.8134333333333333 0.24138539042821158 0.03796666666666667 0.04057934508816121
1 0.53935 0.28546599496221664 0.041666666666666664 0.04758186397984887
1 0.6907333333333333 0.16652392947103276 0.025933333333333333 0.030780856423173804
1 0.47778333333333334 0.20851385390428212 0.031483333333333335 0.027984886649874054
1 0.3199 0.21130982367758186 0.025 0.02518891687657431
1 0.15323333333333333 0.18682619647355164 0.030549999999999997 0.032191435768261965
1 0.33888333333333337 0.18541561712846347 0.031483333333333335 0.032191435768261965
1 0.51435 0.18052896725440806 0.0213 0.027984886649874054
1 0.4301 0.1581360201511335 0.01945 0.019596977329974813
1 0.18656666666666666 0.1644332493702771 0.02315 0.029395465994962216