1 0.04398333333333333 0.6692803970223326 0.03981666666666667 0.04548387096774193
1 0.12916666666666668 0.6775682382133995 0.03796666666666667 0.03722084367245657
1 0.22593333333333335 0.6458560794044664 0.037033333333333335 0.03722084367245657
1 0.48656666666666665 0.6803225806451614 0.04351666666666667 0.03446650124069479
1 0.5865666666666667 0.6217369727047146 0.03981666666666667 0.04136476426799008
1 0.7148166666666667 0.6382630272952854 0.03333333333333333 0.03583126550868486
1 0.6879666666666666 0.6203473945409429 0.03518333333333333 0.03583126550868486
1 0.8689833333333333 0.6541191066997519 0.03611666666666667 0.03997518610421836
1 0.9467666666666665 0.6789330024813897 0.03426666666666667 0.03722084367245657
1 0.9513833333333334 0.632059553349876 0.03981666666666667 0.042729528535980145
1 0.7861166666666667 0.5989826302729528 0.029633333333333334 0.03446650124069479
1 0.8064833333333333 0.49146401985111665 0.029633333333333334 0.03722084367245657
1 0.8324 0.5341935483870968 0.031483333333333335 0.03997518610421836
1 0.7388833333333333 0.49488833746898264 0.025933333333333333 0.03861042183622829
1 0.7412000000000001 0.5576178660049628 0.030549999999999997 0.03446650124069479
1 0.7037 0.47627791563275435 0.024066666666666667 0.02620347394540943
1 0.6777833333333334 0.5052357320099256 0.027783333333333337 0.03446650124069479
1 0.6273166666666666 0.5459057071960298 0.030549999999999997 0.03032258064516129
1 0.5537000000000001 0.5700248138957816 0.025933333333333333 0.031712158808933
1 0.5226833333333334 0.5252357320099256 0.0287 0.03307692307692308
1 0.5601833333333334 0.4824813895781638 0.022216666666666666 0.02481389578163772
1 0.4638833333333333 0.5645161290322581 0.025933333333333333 0.02620347394540943
1 0.44213333333333327 0.61 0.032400000000000005 0.03997518610421836
1 0.40138333333333337 0.5638213399503722 0.03426666666666667 0.03861042183622829
1 0.3282333333333333 0.5590074441687345 0.0287 0.031712158808933
1 0.23333333333333334 0.5665756823821341 0.031483333333333335 0.04136476426799008
1 0.2601833333333334 0.6210421836228288 0.029633333333333334 0.03997518610421836
1 0.07406666666666667 0.5493548387096774 0.029633333333333334 0.028957816377171215
1 0.15786666666666666 0.5479652605459058 0.030549999999999997 0.03997518610421836
1 0.1213 0.5052357320099256 0.031483333333333335 0.028957816377171215
1 0.025933333333333333 0.5734739454094293 0.024066666666666667 0.03032258064516129
1 0.3513833333333334 0.5197022332506204 0.02685 0.0275682382133995